StromalScore	ImmuneScore	ESTIMATEScore	TumorPurity
TCGA-05-4249-01	226.355465978483	1510.91301880751	1737.26848478599	0.652438936064343
TCGA-05-4250-01	467.804692741385	1742.95683933549	2210.76153207687	0.598233635828076
TCGA-05-4382-01	1291.06012095451	2051.49506671826	3342.55518767276	0.457481436943029
TCGA-05-4384-01	130.319739212505	1293.48412208662	1423.80386129913	0.686606614252823
TCGA-05-4389-01	-151.00432760849	1981.03184186742	1830.02751425893	0.642060047800778
TCGA-05-4390-01	238.270753307926	666.900034006303	905.170787314229	0.739912686069492
TCGA-05-4396-01	-553.602805180684	282.553843409748	-271.048961770936	0.844481308426195
TCGA-05-4397-01	-513.346458829595	938.101610532439	424.755151702844	0.785472984445848
TCGA-05-4398-01	509.992488461514	1956.54608530452	2466.53857376603	0.567733401010274
TCGA-05-4402-01	400.089604159287	1380.08498533628	1780.17458949556	0.647653053467011
TCGA-05-4403-01	301.048358151172	1764.28906275947	2065.33742091064	0.615201514048723
TCGA-05-4405-01	943.498277843362	1276.00595148343	2219.50422932679	0.597204786041263
TCGA-05-4415-01	-928.728187562136	587.872314310042	-340.855873252095	0.849924935082937
TCGA-05-4417-01	1415.97951917346	2100.44369327357	3516.42321244703	0.434640433489715
TCGA-05-4418-01	103.817656267086	1770.66679149283	1874.48444775992	0.637043408170442
TCGA-05-4420-01	-204.909760333331	402.090450050093	197.180689716762	0.805705319566111
TCGA-05-4422-01	-494.276932667246	1964.9785892674	1470.70165660015	0.681585478056055
TCGA-05-4424-01	656.462640586818	1621.23436186167	2277.69700244849	0.590331619791106
TCGA-05-4425-01	606.566052223874	2035.07539914022	2641.64145136409	0.546389116122276
TCGA-05-4426-01	-325.295171743794	1214.52627484131	889.231103097519	0.741484623196533
TCGA-05-4427-01	208.258334415125	1322.12083436712	1530.37916878225	0.675149403996303
TCGA-05-4430-01	1208.83590771108	1828.71443453697	3037.55034224805	0.496821099247527
TCGA-05-4432-01	-19.5228700523479	1439.04673294649	1419.52386289414	0.687063237765191
TCGA-05-4433-01	-137.822281917692	1978.38588445187	1840.56360253418	0.640873591535056
TCGA-05-4434-01	735.263924952233	2322.65054160444	3057.91446655667	0.494224682382997
TCGA-05-5420-01	759.713020924732	2868.796981272	3628.51000219673	0.419764598914637
TCGA-05-5423-01	328.495221751624	2213.13140546959	2541.62662722121	0.558625605924947
TCGA-05-5425-01	420.85937568392	2267.52369919318	2688.3830748771	0.540629889995641
TCGA-05-5428-01	358.173469629363	1294.75565269946	1652.92912232882	0.661770804543224
TCGA-05-5429-01	-209.647520182576	565.454341635714	355.806821453138	0.791696380917842
TCGA-05-5715-01	620.068951224676	1366.57544749354	1986.64439871821	0.624266904952652
TCGA-35-3615-01	-126.874096135724	957.832218385867	830.958122250143	0.747196767498613
TCGA-35-4122-01	900.054216547298	2521.97481183365	3422.02902838095	0.447077056126432
TCGA-35-4123-01	832.325541719215	2460.5158131546	3292.84135487382	0.463958198854812
TCGA-35-5375-01	88.8534172273079	1558.68451858217	1647.53793580948	0.662363887500432
TCGA-38-4625-01	71.1790875164352	1541.30968157339	1612.48876908983	0.666209505719484
TCGA-38-4626-01	1159.10206111925	2271.37718389584	3430.47924501509	0.445967185890854
TCGA-38-4627-01	2082.94484411808	1940.275331712	4023.22017583008	0.366502420783104
TCGA-38-4628-01	491.677089969575	1126.28817272189	1617.96526269146	0.665609780968499
TCGA-38-4629-01	1044.3299287433	2258.47884062772	3302.80876937102	0.462661604482949
TCGA-38-4630-01	-311.303163484789	215.454470782085	-95.8486927027041	0.830429742525215
TCGA-38-4631-01	-526.907885791979	889.534789259457	362.626903467479	0.791084392076605
TCGA-38-4632-01	331.625873424071	1982.07740125799	2313.70327468206	0.58605730484172
TCGA-38-6178-01	428.266292577382	915.012884034977	1343.27917661236	0.69515199973747
TCGA-38-7271-01	1284.38114696166	2971.26841378463	4255.64956074629	0.334551376626451
TCGA-38-A44F-01	640.809349993999	2382.98220730785	3023.79155730185	0.498572826752171
TCGA-44-2655-01	-123.902168921855	1421.18702654424	1297.28485762239	0.699989473308142
TCGA-44-2656-01	997.426886848534	2056.59138425916	3054.01827110769	0.494721787927998
TCGA-44-2657-01	831.348199091838	2766.50380897382	3597.85200806566	0.423844899046698
TCGA-44-2659-01	764.539455382623	1832.64208404958	2597.1815394322	0.551843338867569
TCGA-44-2661-01	1140.75837761597	2870.09337723457	4010.85175485054	0.36819102595783
TCGA-44-2662-01	1283.41172789088	1671.74392979093	2955.15565768182	0.507280827253452
TCGA-44-2665-01	1544.18095220008	1757.45488483958	3301.63583703966	0.462814234884928
TCGA-44-2666-01	-503.745776767565	372.789185430954	-130.956591336611	0.833289800142398
TCGA-44-2668-01	997.097504084268	2074.50776799976	3071.60527208403	0.492476626807861
TCGA-44-3396-01	1241.31652525052	2335.79109964116	3577.10762489168	0.426600923745808
TCGA-44-3398-01	1342.87142505056	2254.07430118233	3596.94572623289	0.423965386698051
TCGA-44-3917-01	43.7508815618748	1012.43006438872	1056.1809459506	0.724820638679293
TCGA-44-3918-01	1373.07109787288	2198.28206282195	3571.35316069483	0.427364741586941
TCGA-44-3919-01	595.774973799956	2144.72097754757	2740.49595134753	0.534178857186343
TCGA-44-4112-01	953.9372801212	1136.43061927433	2090.36789939553	0.612300752095573
TCGA-44-5643-01	-1017.84122564857	1052.06960008039	34.2283744318241	0.819641412561899
TCGA-44-5644-01	-1081.92790429611	-121.618987587474	-1203.54689188358	0.909664610522406
TCGA-44-5645-01	358.525013459878	2163.81301297957	2522.33802643945	0.560971735883743
TCGA-44-6145-01	821.44340536308	2351.9274925526	3173.37089791568	0.479421228161486
TCGA-44-6146-01	253.017256435891	324.739956725427	577.757213161318	0.771376324276101
TCGA-44-6147-01	706.597669085104	1246.46669044723	1953.06435953234	0.628110020420827
TCGA-44-6148-01	528.58650461347	1265.89941847073	1794.4859230842	0.646050999144638
TCGA-44-6774-01	1923.02081306515	1497.32700898436	3420.34782204951	0.44729778751699
TCGA-44-6775-01	1426.78127212081	1708.32439796671	3135.10567008753	0.484342938838087
TCGA-44-6776-01	-651.219183751557	201.502473735071	-449.716710016486	0.858235730539685
TCGA-44-6777-01	1983.26732519182	2617.38679722372	4600.65412241554	0.286418345669372
TCGA-44-6778-01	799.654530572767	2906.52647441626	3706.18100498903	0.40938943384064
TCGA-44-6779-01	738.766269414393	2321.6502567995	3060.41652621389	0.493905365784913
TCGA-44-7659-01	-432.761856891307	1118.07194415887	685.310087267565	0.761233765824589
TCGA-44-7660-01	-634.279706460219	766.862988583352	132.583282123133	0.811285449498084
TCGA-44-7661-01	970.827751505658	2133.98174069347	3104.80949219913	0.488228831627882
TCGA-44-7662-01	1249.58267417551	1600.5352834023	2850.11795757781	0.520507214251427
TCGA-44-7667-01	-446.224955855611	282.771232931083	-163.453722924528	0.83591745085289
TCGA-44-7669-01	-49.6784686592535	1281.39127109213	1231.71280243288	0.706830821419393
TCGA-44-7670-01	-993.772256086041	252.433134063992	-741.339122022049	0.879413644929297
TCGA-44-7671-01	180.419946795418	266.587787547671	447.007734343088	0.783447223027529
TCGA-44-7672-01	1135.18016145303	2489.93177198236	3625.11193343539	0.420217271369623
TCGA-44-8117-01	276.523525057515	802.691981319858	1079.21550637737	0.722487059651542
TCGA-44-8119-01	982.328912653177	1304.05058763882	2286.379500292	0.589302422266577
TCGA-44-8120-01	556.929559079864	1103.07374827092	1660.00330735078	0.660991946739963
TCGA-44-A479-01	991.54032478436	2571.46295861731	3563.00328340167	0.428472518773078
TCGA-44-A47A-01	-49.2836598664067	1855.82175427327	1806.53809440686	0.644699630538143
TCGA-44-A47B-01	-123.749037105744	1325.74630007984	1201.9972629741	0.709909617341227
TCGA-44-A47G-01	917.509436282802	2581.10605572276	3498.61549200556	0.436993095034132
TCGA-44-A4SS-01	588.02835562962	2123.99625605292	2712.02461168254	0.53770721112134
TCGA-44-A4SU-01	-87.9813813361901	1122.92366729866	1034.94228596247	0.726964937089797
TCGA-49-4486-01	-1264.01469859449	191.28641753475	-1072.72828105974	0.901521690625873
TCGA-49-4487-01	660.242652540259	2240.86995178971	2901.11260432997	0.51410120907238
TCGA-49-4488-01	-236.181294156865	1536.26849393377	1300.08719977691	0.699695646247626
TCGA-49-4490-01	239.370396865529	990.6068223577	1229.97721922323	0.707011013742273
TCGA-49-4494-01	-143.396057706434	1420.25996552313	1276.8639078167	0.702127041189339
TCGA-49-4501-01	571.260009810306	1728.0069677123	2299.2669775226	0.587773014608271
TCGA-49-4505-01	622.521601584625	2098.98154500638	2721.503146591	0.536533609142024
TCGA-49-4506-01	-128.629000913654	1805.38950268175	1676.76050176809	0.659144160969371
TCGA-49-4507-01	-153.328105424551	1944.68336338627	1791.35525796172	0.6464016992171
TCGA-49-4510-01	-180.066751042397	714.373129998949	534.306378956553	0.775419483911853
TCGA-49-4512-01	883.105841503274	1404.82551027196	2287.93135177523	0.589118369516601
TCGA-49-4514-01	-576.833269478078	1302.04146720255	725.208197724473	0.757422871981073
TCGA-49-6742-01	-810.443708998869	254.700189337839	-555.74351966103	0.86611952636439
TCGA-49-6743-01	497.672515776907	1228.44411014659	1726.11662592349	0.653678619916893
TCGA-49-6744-01	1205.78243047002	2406.7146147019	3612.49704517192	0.421896843588719
TCGA-49-6745-01	797.775985272771	2019.74546905795	2817.52145433072	0.524586766876813
TCGA-49-6761-01	-15.6164231348275	1627.00851987631	1611.39209674148	0.666329549367845
TCGA-49-6767-01	-233.250639068324	1587.02247536278	1353.77183629445	0.694043982672401
TCGA-49-AAQV-01	-481.552569717486	1449.18428622066	967.631716503173	0.733713969859101
TCGA-49-AAR0-01	42.4251811375275	1784.58041942729	1827.00560056482	0.642400058597849
TCGA-49-AAR2-01	-622.244908958967	1368.79075756727	746.545848608298	0.755374122001198
TCGA-49-AAR3-01	751.937016724598	2459.1553608786	3211.0923776032	0.474554649601037
TCGA-49-AAR4-01	110.013977416068	2356.34921472887	2466.36319214494	0.567754593593945
TCGA-49-AAR9-01	-838.286399238871	-4.28285675094479	-842.569255989816	0.886390245528947
TCGA-49-AARE-01	-71.4281973480954	1088.52502256688	1017.09682521879	0.728761189502222
TCGA-49-AARN-01	-151.743529602799	1173.05877327672	1021.31524367392	0.728337031308829
TCGA-49-AARO-01	753.542073892537	2255.7216547329	3009.26372862544	0.500420259157407
TCGA-49-AARQ-01	-917.095572217429	1213.5976071088	296.502034891371	0.796984484563914
TCGA-49-AARR-01	581.44403960732	1884.77359028359	2466.21762989091	0.567772182609903
TCGA-4B-A93V-01	-789.926638430959	969.756663115408	179.830024684449	0.807211261910834
TCGA-50-5044-01	308.52357684007	1546.14715004989	1854.67072688996	0.639282605403063
TCGA-50-5045-01	1508.53547233332	2669.28485390195	4177.82032623526	0.345295435056712
TCGA-50-5049-01	1715.71879903279	3051.22547383827	4766.94427287106	0.262948522884341
TCGA-50-5051-01	-590.555184811663	309.992581123996	-280.562603687666	0.845228425084457
TCGA-50-5055-01	1372.36865953413	2906.5613300786	4278.92998961273	0.331329045707401
TCGA-50-5066-01	1077.1832509886	2480.29799555021	3557.48124653882	0.429204773222926
TCGA-50-5068-01	759.916617603553	2452.31835856768	3212.23497617123	0.474407011225567
TCGA-50-5072-01	23.7124881080998	644.98228148815	668.69476959625	0.762813095407164
TCGA-50-5930-01	607.519851365754	1694.14280046502	2301.66265183078	0.587488478494831
TCGA-50-5931-01	-490.670524486934	-229.238879374043	-719.909403860977	0.877911790853744
TCGA-50-5932-01	-506.375167018907	463.555446893051	-42.8197201258564	0.826067958601388
TCGA-50-5933-01	1482.11168003724	1849.66488845133	3331.77656848857	0.458887765220479
TCGA-50-5935-01	203.886325633058	1488.13727949979	1692.02360513285	0.657457655070986
TCGA-50-5936-01	318.364937153552	1088.53217342592	1406.89711057947	0.688408777045921
TCGA-50-5939-01	590.043198281342	1789.71760741077	2379.76080569212	0.578173114663617
TCGA-50-5941-01	718.64788162978	2561.39186383726	3280.03974546704	0.465622017386442
TCGA-50-5942-01	144.654742153739	1042.52864290588	1187.18338505962	0.711439426243197
TCGA-50-5944-01	808.341350433721	996.862283856506	1805.20363429023	0.644849358386898
TCGA-50-5946-01	-987.855612525173	-114.676299134248	-1102.53191165942	0.903406193561862
TCGA-50-6590-01	466.235826240994	2214.84527474383	2681.08110098482	0.541531280245431
TCGA-50-6591-01	-984.742247485921	-941.297303122405	-1926.03955060833	0.94851987679432
TCGA-50-6592-01	421.227385608628	1921.93970245233	2343.16708806095	0.582547462314528
TCGA-50-6593-01	901.148713660112	1550.99493097396	2452.14364463407	0.569471587366943
TCGA-50-6594-01	-136.580734965295	876.528281926385	739.94754696109	0.756008455097676
TCGA-50-6595-01	1169.72163509266	1651.91965234262	2821.64128743528	0.524071818199329
TCGA-50-6597-01	-233.344656609457	1666.76550160013	1433.42084499068	0.685579611321074
TCGA-50-6673-01	397.194255540061	1087.41675521593	1484.61101075599	0.680090044642117
TCGA-50-7109-01	205.120158601718	1312.64886083336	1517.76901943508	0.676513711593845
TCGA-50-8457-01	795.160672819839	2209.06290391878	3004.22357673862	0.5010606591572
TCGA-50-8459-01	1795.34715594352	2379.13325798609	4174.48041392961	0.345755499989294
TCGA-50-8460-01	328.083856260879	1967.98735335063	2296.0712096115	0.588152465307334
TCGA-53-7624-01	-854.674520608122	631.404592060404	-223.269928547718	0.840704293960273
TCGA-53-7626-01	810.445946811701	2495.77657558384	3306.22252239554	0.462217304325695
TCGA-53-7813-01	-840.310071065445	904.782545743168	64.4724746777233	0.817090066414406
TCGA-53-A4EZ-01	-942.271093984401	377.528845089802	-564.742248894599	0.866779009714469
TCGA-55-1592-01	87.1770261750858	1189.04802395072	1276.22505012581	0.70219381210143
TCGA-55-1594-01	-408.846961565785	977.604037132611	568.757075566826	0.772216381569357
TCGA-55-1596-01	-565.488143108749	711.217580693739	145.729437584991	0.810155738262083
TCGA-55-5899-01	360.940009471311	1168.10910762173	1529.04911709304	0.67529341313653
TCGA-55-6543-01	195.267536672623	1453.30007903301	1648.56761570563	0.662250644731879
TCGA-55-6642-01	1376.93659079661	1570.48314905947	2947.41973985608	0.508259089149581
TCGA-55-6712-01	466.546218955587	2213.29864030096	2679.84485925654	0.541683826228232
TCGA-55-6968-01	-13.5525396577636	1624.35756765968	1610.80502800192	0.666393803829804
TCGA-55-6970-01	103.909947022825	1684.63736853498	1788.5473155578	0.646716131461284
TCGA-55-6971-01	688.406939516944	2655.64566683339	3344.05260635033	0.45728597223659
TCGA-55-6972-01	-1726.33516909693	-418.550080003672	-2144.8852491006	0.958202995173851
TCGA-55-6975-01	939.669858540531	834.133904876799	1773.80376341733	0.648365304221575
TCGA-55-6978-01	1492.75143284886	2573.10378226271	4065.85521511157	0.360672424984134
TCGA-55-6979-01	1087.68575227136	2756.7180083859	3844.40376065726	0.390795121093364
TCGA-55-6980-01	854.159017345283	2047.54614208546	2901.70515943074	0.51402660162867
TCGA-55-6981-01	-14.0678366536609	931.650180826345	917.582344172684	0.738685879784034
TCGA-55-6982-01	970.928396298983	1562.25550870783	2533.18390500681	0.559653071570574
TCGA-55-6983-01	526.0289787227	1876.77660406544	2402.80558278814	0.575409814448197
TCGA-55-6984-01	-757.349138129785	910.640387466839	153.291249337055	0.809504549051205
TCGA-55-6985-01	656.667368540692	1921.25854953236	2577.92591807305	0.554198286354491
TCGA-55-6986-01	-201.576417318009	1322.95314309596	1121.37672577795	0.718194426240892
TCGA-55-6987-01	696.405134620303	2928.06135615817	3624.46649077848	0.420303241959139
TCGA-55-7227-01	862.793675725047	2033.20264083656	2895.99631656161	0.514745228939175
TCGA-55-7281-01	787.978103065022	2052.78894242916	2840.76704549418	0.521678732675244
TCGA-55-7283-01	-118.487652406348	1337.30466026814	1218.81700786179	0.708168596351301
TCGA-55-7284-01	442.301873290352	1685.385227224	2127.68710051435	0.607960522771885
TCGA-55-7570-01	-727.625151995614	-177.597677226251	-905.222829221866	0.890610263468333
TCGA-55-7573-01	282.830530188795	1810.88159375586	2093.71212394465	0.611912565796438
TCGA-55-7574-01	1108.99596332442	2438.66167026203	3547.65763358644	0.430506744495893
TCGA-55-7576-01	353.228354069224	1366.42802283008	1719.65637689931	0.654395965180544
TCGA-55-7724-01	805.613722110151	1998.14520230072	2803.75892441087	0.526305589403013
TCGA-55-7725-01	-126.996620241606	2050.19054356688	1923.19392332527	0.631515762749415
TCGA-55-7726-01	1087.31593833598	1078.86900862554	2166.18494696152	0.603464100742045
TCGA-55-7727-01	-225.91904124	1548.13144105396	1322.21239981396	0.697371653839401
TCGA-55-7728-01	-81.1212814313698	2709.86416096456	2628.74287953319	0.547973884978122
TCGA-55-7815-01	1006.36310407342	1708.05540455726	2714.41850863069	0.537410904590024
TCGA-55-7816-01	1594.45654664033	2141.39973686148	3735.85628350181	0.405411335569794
TCGA-55-7903-01	-447.896749434239	1413.33200773306	965.435258298825	0.733932999040573
TCGA-55-7907-01	362.157419312348	1664.32235734557	2026.47977665792	0.619688227006309
TCGA-55-7910-01	-408.895997717781	524.951450086285	116.055452368504	0.812701476812
TCGA-55-7911-01	-83.7212677131809	2125.20164532132	2041.48037760814	0.617958558015397
TCGA-55-7913-01	-1341.42657347556	250.706144072197	-1090.72042940336	0.902661412206644
TCGA-55-7914-01	-19.5477506406082	1295.01103733893	1275.46328669832	0.702273420569857
TCGA-55-7994-01	-269.988809135364	2172.77604021897	1902.7872310836	0.633835499430619
TCGA-55-7995-01	67.3527030663893	2422.71857053402	2490.07127360041	0.564886374078369
TCGA-55-8085-01	-63.0656071131191	1877.8384413437	1814.77283423058	0.64377513685004
TCGA-55-8087-01	-183.828409281519	813.86411022792	630.0357009464	0.766470164488325
TCGA-55-8089-01	644.07414869983	2879.56330043767	3523.6374491375	0.433686480636786
TCGA-55-8090-01	123.079928156037	1265.12039801269	1388.20032616873	0.690396809761763
TCGA-55-8091-01	1087.45396995173	1896.17907013688	2983.63304008861	0.503674033197151
TCGA-55-8092-01	274.191204642763	2011.82334986811	2286.01455451088	0.5893457011395
TCGA-55-8094-01	-1754.94674622513	-542.991152025132	-2297.93789825026	0.96438802508809
TCGA-55-8096-01	1005.37615576988	1671.47050236543	2676.8466581353	0.542053714997952
TCGA-55-8097-01	113.638467117857	1216.70668926137	1330.34515637923	0.696515553157889
TCGA-55-8203-01	111.031273921385	1553.79801498348	1664.82928890487	0.660460203952638
TCGA-55-8204-01	53.0814405242245	1358.31999270263	1411.40143322685	0.687929055912836
TCGA-55-8205-01	765.574316716662	2645.52035226047	3411.09466897713	0.448512178041531
TCGA-55-8206-01	482.647931610273	2288.49492636348	2771.14285797375	0.530370467854534
TCGA-55-8207-01	1076.43133837716	1690.66570888456	2767.09704726171	0.530873843933391
TCGA-55-8208-01	1298.24657370495	2869.6620507667	4167.90862447165	0.346660505530787
TCGA-55-8299-01	1368.50055877313	2523.04191995901	3891.54247873214	0.384416647682079
TCGA-55-8301-01	813.998470418378	2581.98057562866	3395.97904604704	0.450494182481221
TCGA-55-8302-01	-288.074993496589	1331.43413998363	1043.35914648704	0.726115997745496
TCGA-55-8505-01	252.132207283845	243.986716186744	496.118923470589	0.778946840662229
TCGA-55-8506-01	78.549887460148	1268.96225374712	1347.51214120726	0.694705200114798
TCGA-55-8507-01	-183.793114890361	790.832555560678	607.039440670317	0.768633863536944
TCGA-55-8508-01	8.03915058305138	1254.46413885402	1262.50328943707	0.703626465288042
TCGA-55-8510-01	735.276648491731	2290.75850303316	3026.03515152489	0.498287317602198
TCGA-55-8511-01	684.37944020663	1884.11767288856	2568.49711309519	0.555349808212513
TCGA-55-8512-01	-445.044606951145	798.382580826585	353.33797387544	0.791917723324921
TCGA-55-8513-01	628.67203074206	2213.60298704664	2842.2750177887	0.521489874487897
TCGA-55-8514-01	-306.914377023599	1098.36329005566	791.448913032057	0.751038540436792
TCGA-55-8614-01	141.2261462642	815.368244079296	956.594390343497	0.73481383203934
TCGA-55-8615-01	-628.087575009338	245.463210123075	-382.624364886263	0.85313945590202
TCGA-55-8616-01	-200.175045396078	848.317985094246	648.142939698168	0.764760322372403
TCGA-55-8619-01	724.691080131126	2596.50595524265	3321.19703537377	0.460267000892011
TCGA-55-8620-01	-889.624943857662	1057.96679274866	168.341848890994	0.808205491847947
TCGA-55-8621-01	1110.22125288027	2566.8699863755	3677.09123925577	0.41328150248802
TCGA-55-A48X-01	230.023634944734	2030.26598909976	2260.28962404449	0.592392148692972
TCGA-55-A48Y-01	637.867803174404	1012.33317277118	1650.20097594558	0.662070979002594
TCGA-55-A48Z-01	656.635411684584	1362.93754234119	2019.57295402577	0.620483619894571
TCGA-55-A490-01	331.120392633467	1151.00977300124	1482.13016563471	0.680356975126475
TCGA-55-A491-01	252.177343223761	1629.79574514323	1881.97308836699	0.636195694269947
TCGA-55-A492-01	-529.418223376651	704.175528397607	174.757305020956	0.80765055733
TCGA-55-A493-01	211.38662345015	2174.46538359752	2385.85200704767	0.577443360395323
TCGA-55-A494-01	-1219.02530360683	-668.481806855211	-1887.50711046204	0.946713322743869
TCGA-55-A4DF-01	-325.96882272506	1766.78145523841	1440.81263251335	0.684789309583258
TCGA-55-A4DG-01	-374.42846508748	1405.81828243103	1031.38981734355	0.727322912375252
TCGA-55-A57B-01	386.819733132791	1475.75212624171	1862.5718593745	0.638390326216795
TCGA-62-8394-01	-280.814351931298	950.591648243128	669.777296311831	0.762710336482859
TCGA-62-8395-01	409.008232949661	719.98144229541	1128.98967524507	0.717416379086517
TCGA-62-8397-01	-59.901635311603	1368.11189631324	1308.21026100164	0.698843270159449
TCGA-62-8398-01	-108.284139744514	1247.91837094408	1139.63423119956	0.716326998402448
TCGA-62-8399-01	78.6103952291708	689.970673160589	768.58106838976	0.753250616977
TCGA-62-8402-01	-625.616156638109	1832.32427196555	1206.70811532744	0.709422430257217
TCGA-62-A46O-01	-1554.76111769557	-773.324594419368	-2328.08571211494	0.965549045284444
TCGA-62-A46P-01	-425.855943655981	554.035510335883	128.179566679902	0.811663206283699
TCGA-62-A46R-01	105.999245705992	1751.67640453435	1857.67565024034	0.638943359041063
TCGA-62-A46S-01	-269.624278234578	1180.88945280769	911.265174573109	0.739310599900772
TCGA-62-A46V-01	257.353241057121	732.166320405489	989.51956146261	0.731527166989573
TCGA-62-A46Y-01	-123.810077515145	2005.51510548558	1881.70502797043	0.636226051971476
TCGA-62-A470-01	-525.927068735804	609.658590309756	83.731521573952	0.815457006939933
TCGA-62-A471-01	-1278.87192254254	329.858054555836	-949.0138679867	0.893515095810385
TCGA-62-A472-01	-474.137857876087	1460.08231721474	985.94445933865	0.731884870098616
TCGA-64-1676-01	748.23732635041	2041.50474994547	2789.74207629588	0.528053966234137
TCGA-64-1677-01	-609.88011939971	1438.64971464986	828.769595250147	0.747410232865073
TCGA-64-1678-01	-836.482697077879	0.154989408911186	-836.327707668968	0.885965735110794
TCGA-64-1679-01	1160.3301471227	1324.47249778948	2484.80264491218	0.565524368751812
TCGA-64-1680-01	-654.991099184056	731.736442696258	76.745343512202	0.816050149708621
TCGA-64-1681-01	317.947826937955	1465.63217479575	1783.58000173371	0.647272100108451
TCGA-64-5774-01	-560.277430292352	63.9720304349973	-496.305399857355	0.861725625689968
TCGA-64-5775-01	5.41633197955407	859.818970538179	865.235302517733	0.743843379261092
TCGA-64-5778-01	-252.376211804039	2300.46909936512	2048.09288756108	0.617195139698338
TCGA-64-5779-01	376.576436706033	1293.43092158237	1670.00735828841	0.659889298367708
TCGA-64-5781-01	296.14811271405	1790.27086415762	2086.41897687167	0.612758939705813
TCGA-64-5815-01	1544.36870127783	1898.22906326831	3442.59776454614	0.4443743154258
TCGA-67-3770-01	130.776846084171	1741.71765491113	1872.4945009953	0.637268540677246
TCGA-67-3771-01	403.459975311175	1630.01391213747	2033.47388744864	0.618882132889485
TCGA-67-3772-01	973.393026502195	1711.73794064828	2685.13096715048	0.541031422352911
TCGA-67-3773-01	660.555727556631	2050.59305567169	2711.14878322832	0.53781560090934
TCGA-67-3774-01	219.940336092062	1704.70897370657	1924.64930979863	0.631350104547214
TCGA-67-4679-01	590.7221949114	1662.32713851041	2253.04933342181	0.593248051028521
TCGA-67-6215-01	-643.97470828665	1123.88236490946	479.907656622808	0.780436873342561
TCGA-67-6216-01	-148.553903621827	1809.31199167951	1660.75808805768	0.660908804352954
TCGA-67-6217-01	210.184535520755	1803.11839849941	2013.30293402017	0.62120512603361
TCGA-69-7760-01	-538.592649810846	23.1831654050923	-515.409484405754	0.863145044757585
TCGA-69-7761-01	531.975220249407	2345.47680294222	2877.45202319163	0.517077081878578
TCGA-69-7763-01	776.280355957332	1091.02499208678	1867.30534804411	0.637855359368212
TCGA-69-7764-01	-257.06033464672	869.143475001101	612.083140354381	0.768160054967035
TCGA-69-7765-01	1180.86477834764	1632.71563838495	2813.58041673259	0.52507918789962
TCGA-69-7973-01	-94.2040387856234	430.017749333875	335.813710548252	0.793485855200097
TCGA-69-7974-01	580.73197231759	2039.28535257917	2620.01732489676	0.549044827112081
TCGA-69-7978-01	1019.03975105719	2642.92811335819	3661.96786441538	0.415301963557994
TCGA-69-7979-01	-61.662304341591	314.516474990418	252.854170648827	0.800837926845795
TCGA-69-7980-01	301.152571153501	1618.44431432672	1919.59688548022	0.631925069044815
TCGA-69-8253-01	-485.892922547288	911.684085050089	425.791162502802	0.785378857154037
TCGA-69-8254-01	-338.224011623009	1641.21616949613	1302.99215787312	0.69939093487396
TCGA-69-8255-01	-805.286776098323	1873.45045606551	1068.16367996719	0.723607727538611
TCGA-69-8453-01	603.996846358184	2566.06550142805	3170.06234778624	0.479847376670642
TCGA-69-A59K-01	-213.152571142127	1325.74323225175	1112.59066110962	0.719091251452596
TCGA-71-6725-01	-766.141827019024	548.403863692126	-217.737963326898	0.840264307964085
TCGA-71-8520-01	514.300666427712	820.115240636568	1334.41590706428	0.696086669704486
TCGA-73-4658-01	1432.05269800389	2294.49999588185	3726.55269388575	0.406659352993351
TCGA-73-4659-01	553.734156821249	1163.04646258454	1716.78061940579	0.654715099699014
TCGA-73-4662-01	216.803568925435	1874.37001305522	2091.17358198066	0.612207244668375
TCGA-73-4666-01	99.3099131310233	2251.07872324695	2350.38863637798	0.581685538564144
TCGA-73-4668-01	134.125947154707	661.463897273312	795.589844428019	0.750637069814382
TCGA-73-4670-01	138.196925372835	681.545492498617	819.742417871452	0.748289913581446
TCGA-73-4675-01	328.650020604629	895.457950654858	1224.10797125949	0.707620032795709
TCGA-73-4676-01	-7.19495977636288	1002.30178850224	995.106828725873	0.73096773538478
TCGA-73-4677-01	-210.52217102738	1145.68061319044	935.158442163056	0.736944396765538
TCGA-73-7498-01	394.47533959241	1250.4801999513	1644.95553954371	0.662647829296061
TCGA-73-7499-01	204.654291715712	2120.78388609793	2325.43817781364	0.584660708055508
TCGA-73-A9RS-01	-938.402891055257	426.384836819868	-512.018054235389	0.862893559265045
TCGA-75-5125-01	393.327304569411	2002.17744451341	2395.50474908282	0.576285971787742
TCGA-75-5146-01	62.8085542296545	1590.09083701079	1652.89939124044	0.661774076388943
TCGA-75-5147-01	335.088680782105	1702.73033450869	2037.81901529079	0.618381014147642
TCGA-75-6206-01	304.942496951008	1079.15279471061	1384.09529166162	0.690832603191716
TCGA-75-6212-01	258.151100366354	1972.90082695337	2231.05192731972	0.595844333583063
TCGA-75-6214-01	-950.43372935998	331.26367891972	-619.170050440261	0.870735542570857
TCGA-75-7025-01	517.101014120815	1778.95255246865	2296.05356658947	0.588154559798998
TCGA-75-7027-01	409.339555349965	463.961563217602	873.301118567567	0.743051548226554
TCGA-78-7143-01	-667.115526054939	1288.07861016258	620.963084107638	0.76732484396868
TCGA-78-7145-01	168.853293118868	913.054363790788	1081.90765690966	0.722213784382045
TCGA-78-7146-01	-562.182335587158	731.54214334307	169.359807755912	0.808117486620926
TCGA-78-7147-01	-813.287959019196	980.032545034317	166.744586015122	0.808343543061486
TCGA-78-7148-01	-332.078128815386	952.480323335148	620.402194519762	0.767377637525086
TCGA-78-7149-01	-65.5471474112482	396.328045981647	330.780898570399	0.793935238651306
TCGA-78-7150-01	74.5595000534356	115.421323431376	189.980823484811	0.806330863322737
TCGA-78-7152-01	-42.8271345162946	1518.96742058051	1476.14028606421	0.681001093793316
TCGA-78-7153-01	-571.433746012705	563.744981352796	-7.68876465990877	0.823150757914702
TCGA-78-7154-01	-360.598397510071	435.876297562211	75.2779000521398	0.816174630030551
TCGA-78-7155-01	-1142.70759520503	-180.216364374966	-1322.92395958	0.916802715958323
TCGA-78-7156-01	-669.842850138504	265.821920389086	-404.020929749418	0.854773730119554
TCGA-78-7158-01	-619.694936014096	532.266769357085	-87.4281666570104	0.829740484060962
TCGA-78-7159-01	57.9259911871558	759.432199167587	817.358190354743	0.748522032600116
TCGA-78-7160-01	726.215374529419	2082.93477996945	2809.15015449887	0.525632526291775
TCGA-78-7161-01	-300.063247798276	-13.5530980269714	-313.616345825248	0.847811349890298
TCGA-78-7162-01	417.63143800316	1625.55842063151	2043.18985863467	0.617761253157713
TCGA-78-7163-01	-1694.63853143818	235.602549430797	-1459.03598200738	0.924597891770588
TCGA-78-7166-01	-886.836744317292	768.34184671153	-118.494897605762	0.832277140455907
TCGA-78-7167-01	-608.551605216148	69.8986868123497	-538.652918403799	0.864862860245852
TCGA-78-7220-01	-682.718991562204	69.5727173418594	-613.146274220345	0.870300385423627
TCGA-78-7535-01	-9.58557321033573	1635.03744793456	1625.45187472423	0.664789234517227
TCGA-78-7536-01	-392.167675849283	1121.1776760155	729.010000166214	0.75705838260466
TCGA-78-7537-01	116.395303135903	796.829383334966	913.224686470869	0.739116887035939
TCGA-78-7539-01	-94.8112723182895	2054.4910207978	1959.67974847951	0.627354116944714
TCGA-78-7540-01	-688.147519151097	930.386501336496	242.238982185399	0.801770122792215
TCGA-78-7542-01	-1216.41412601022	849.800641745737	-366.613484264482	0.851911035653326
TCGA-78-7633-01	-447.070367580158	115.530949326107	-331.539418254051	0.849203574574871
TCGA-78-8640-01	-701.052178685013	1115.28263148331	414.230452798294	0.786428181353871
TCGA-78-8648-01	1976.66363803144	2857.46376516999	4834.12740320144	0.253421221416112
TCGA-78-8655-01	229.467879728065	1782.81281005529	2012.28068978336	0.621322708240293
TCGA-78-8660-01	50.0016245076751	2154.64152088753	2204.64314539521	0.598953068075144
TCGA-78-8662-01	-805.820644942737	-18.6217468507004	-824.442391793438	0.885155315435631
TCGA-80-5608-01	-645.43195914624	887.814687546589	242.382728400349	0.80175751240135
TCGA-80-5611-01	-181.324003203847	1991.6229309483	1810.29892774445	0.644277527948409
TCGA-83-5908-01	361.579507346899	2356.63545491703	2718.21496226393	0.536940859417904
TCGA-86-6562-01	848.611386745026	1080.37444612195	1928.98583286698	0.630856332465194
TCGA-86-6851-01	356.07100385378	2708.34225544328	3064.41325929706	0.493395158536456
TCGA-86-7701-01	648.946066989256	2076.4367605094	2725.38282749866	0.536052939721948
TCGA-86-7711-01	689.659021492317	1654.0636481821	2343.72266967442	0.582481174421101
TCGA-86-7713-01	-961.645511374515	-50.9863732364454	-1012.63188461096	0.897669320758368
TCGA-86-7714-01	93.5613650462116	1314.8464067692	1408.40777181541	0.688247921541972
TCGA-86-7953-01	187.809537211076	1821.68188150086	2009.49141871193	0.621643469053707
TCGA-86-7954-01	492.481453170353	2195.51971731877	2688.00117048912	0.540677049484374
TCGA-86-7955-01	-1662.07980419675	-505.579039440882	-2167.65884363763	0.959154006833947
TCGA-86-8054-01	-539.092559770019	-58.8721796653342	-597.964739435353	0.869200654800427
TCGA-86-8055-01	1311.12056521434	1453.93295020231	2765.05351541665	0.531128027142962
TCGA-86-8056-01	86.9165014718346	1355.04145028094	1441.95795175278	0.684666784258426
TCGA-86-8073-01	452.115847738978	1071.43747233992	1523.5533200789	0.675888188461791
TCGA-86-8074-01	763.327333749406	1408.37653222581	2171.70386597522	0.602817926417587
TCGA-86-8075-01	1214.48737547912	1357.85186369544	2572.33923917456	0.554880705026365
TCGA-86-8076-01	296.211665399636	2374.71205288996	2670.92371828959	0.542784120826094
TCGA-86-8278-01	533.939773807301	1308.52487684855	1842.46465065585	0.640659353458434
TCGA-86-8279-01	350.978578319942	585.815730743696	936.794309063637	0.736782061349636
TCGA-86-8280-01	799.324910295326	2141.23583842335	2940.56074871868	0.509125909310261
TCGA-86-8358-01	-489.389862737098	405.873604638187	-83.5162580989114	0.829419845184527
TCGA-86-8359-01	-131.770272225508	1686.43870600538	1554.66843377988	0.672515003466226
TCGA-86-8585-01	32.4902634143536	2130.42256265507	2162.91282606943	0.603847025103804
TCGA-86-8668-01	827.845541437078	1608.93709453393	2436.78263597101	0.57132362328299
TCGA-86-8669-01	-238.866491882235	1334.46939519627	1095.60290331403	0.720821859684605
TCGA-86-8671-01	1459.92951136099	3183.41368292694	4643.34319428793	0.280409028309642
TCGA-86-8672-01	569.902371295044	1880.60377850302	2450.50614979806	0.569669153795298
TCGA-86-8673-01	66.6349311550639	1088.51036480066	1155.14529595572	0.714736441325379
TCGA-86-8674-01	-892.834254235003	-130.24774056111	-1023.08199479611	0.898344231857452
TCGA-86-A456-01	340.488499218487	1739.18925475907	2079.67775397756	0.613540637958004
TCGA-86-A4D0-01	-1022.26430172734	352.614328905436	-669.649972821901	0.874355418788729
TCGA-86-A4JF-01	-190.325990469816	1630.67255251783	1440.34656204801	0.684839163883771
TCGA-86-A4P7-01	642.472163402325	2053.65497680442	2696.12714020674	0.539673247259118
TCGA-86-A4P8-01	1072.00441380857	2939.8108781957	4011.81529200427	0.368059522059607
TCGA-91-6828-01	627.257205384977	2071.00399303459	2698.26119841957	0.539409499375242
TCGA-91-6829-01	1164.24725112191	774.774938171273	1939.02218929318	0.629712576833431
TCGA-91-6830-01	822.65117746344	1695.09664615225	2517.74782361569	0.561529394198909
TCGA-91-6831-01	710.676286324129	1249.16798542745	1959.84427175158	0.627335310249045
TCGA-91-6835-01	983.034648295394	2830.5055888813	3813.5402371767	0.394961235151348
TCGA-91-6836-01	-830.850546900239	539.348337167348	-291.502209732891	0.846085486697363
TCGA-91-6840-01	-200.737539914753	1223.81128791529	1023.07374800053	0.72816013279406
TCGA-91-6847-01	-1760.86331260053	-506.727939674557	-2267.59125227508	0.963200274213022
TCGA-91-6848-01	1052.54245212289	2065.82205310911	3118.36450523199	0.486491407700423
TCGA-91-6849-01	151.187357906683	1758.06100655099	1909.24836445768	0.633101642508343
TCGA-91-7771-01	791.303068018939	2161.00171828004	2952.30478629898	0.507641416418826
TCGA-91-8496-01	225.356139312647	2159.39618399701	2384.75232330966	0.577575141789432
TCGA-91-8497-01	593.694357701693	2105.42860485039	2699.12296255208	0.539302979091373
TCGA-91-8499-01	-303.253720727471	1126.20307146678	822.949350739309	0.747977554659959
TCGA-91-A4BC-01	1000.36438043571	2585.58144829076	3585.94582872647	0.425427193676821
TCGA-91-A4BD-01	-464.790465264692	1946.57368397351	1481.78321870882	0.680394298243487
TCGA-93-7347-01	1009.61657057942	2578.66785871757	3588.28442929699	0.425116503248926
TCGA-93-7348-01	581.614223138141	1296.26862835181	1877.88285148995	0.636658804304284
TCGA-93-8067-01	-514.189733181546	607.26582001317	93.0760868316238	0.814662291059284
TCGA-93-A4JN-01	272.879523629928	1282.74563559141	1555.62515922134	0.672411062324338
TCGA-93-A4JO-01	474.432117677278	2396.68760043703	2871.11971811431	0.517872461182478
TCGA-93-A4JP-01	510.476990143374	1622.1558850307	2132.63287517407	0.607383956396415
TCGA-93-A4JQ-01	946.519372482417	2292.87933151789	3239.39870400031	0.470893188958554
TCGA-95-7039-01	151.711028926622	861.081405304737	1012.79243423136	0.72919370412852
TCGA-95-7043-01	-494.821824187744	-122.846948447645	-617.668772635389	0.870627154051533
TCGA-95-7562-01	69.5412214178126	1219.8249034977	1289.36612491551	0.700819116232586
TCGA-95-7567-01	211.700375123153	1262.62011247745	1474.3204876006	0.681196680652989
TCGA-95-7944-01	168.946301167606	2253.36682558018	2422.31312674778	0.573065516905388
TCGA-95-7947-01	-689.949965690011	1190.50583812153	500.555872431515	0.778538256407833
TCGA-95-7948-01	-404.011741858075	622.417997527608	218.406255669532	0.803855950750484
TCGA-95-8039-01	139.998079525139	1926.50811068775	2066.50619021289	0.6150662508558
TCGA-95-8494-01	-348.007341417833	1333.46491808597	985.457576668133	0.731933569043843
TCGA-95-A4VK-01	-396.43653853529	1317.87535144571	921.438812910424	0.738304192034466
TCGA-95-A4VN-01	307.310479337295	2228.66499969067	2535.97547902796	0.559313436564422
TCGA-95-A4VP-01	285.890574496156	1608.92733355821	1894.81790805437	0.634739871495945
TCGA-97-7546-01	821.009318617265	1782.91295973178	2603.92227834905	0.551017908975396
TCGA-97-7547-01	199.793365398561	1136.84082157628	1336.63418697484	0.695852853009205
TCGA-97-7552-01	497.54192013154	2744.35106961872	3241.89298975026	0.470570159140527
TCGA-97-7553-01	947.499505348824	2818.43998538488	3765.9394907337	0.401370701202048
TCGA-97-7554-01	1120.59058059791	1372.12322367023	2492.71380426814	0.56456625455186
TCGA-97-7937-01	-171.155775127727	392.548746550772	221.392971423045	0.803595093599114
TCGA-97-7938-01	114.621263443303	892.20121441536	1006.82247785866	0.729793096511873
TCGA-97-7941-01	187.345090455551	1273.77789485764	1461.12298531319	0.682613656007512
TCGA-97-8171-01	-1071.90493674447	21.1328820121038	-1050.77205473237	0.900122344396193
TCGA-97-8172-01	941.799703596258	2173.31704110006	3115.11674469632	0.486907867544552
TCGA-97-8174-01	812.202614248289	1610.55922184156	2422.76183608985	0.573011538397957
TCGA-97-8175-01	-114.170439886478	1641.91076943806	1527.74032955159	0.675435094810189
TCGA-97-8176-01	-251.872076084026	1044.05834323181	792.186267147785	0.750967072953083
TCGA-97-8177-01	1077.33485835608	2122.695279153	3200.03013750908	0.475983341880546
TCGA-97-8179-01	20.1641089098583	729.183700338385	749.347809248243	0.75510453885411
TCGA-97-8547-01	1016.34880239699	1317.21717531765	2333.56597771464	0.583692383479233
TCGA-97-8552-01	144.40406270707	1907.54493209593	2051.948994803	0.616749681293733
TCGA-97-A4LX-01	1171.54515971398	2726.89676261405	3898.44192232803	0.38348151305694
TCGA-97-A4M0-01	-225.548024236453	2045.32019657419	1819.77217233773	0.64321341467713
TCGA-97-A4M1-01	124.804609204126	1650.87680662158	1775.6814158257	0.648155443825303
TCGA-97-A4M2-01	472.613855600234	2528.3808100592	3000.99466565944	0.501470779401987
TCGA-97-A4M3-01	64.1695853885742	408.648537816817	472.818123205391	0.781087108043833
TCGA-97-A4M5-01	624.313446504262	1694.85661325756	2319.17005976182	0.585406906754677
TCGA-97-A4M6-01	460.930884797059	2213.95474390634	2674.8856287034	0.542295590866655
TCGA-97-A4M7-01	491.239911236185	2210.91042181067	2702.15033304686	0.538928705791014
TCGA-99-7458-01	886.33048970911	2103.72320521542	2990.05369492453	0.502859609037206
TCGA-99-8025-01	137.516843825354	670.298139867632	807.814983692986	0.749450203493236
TCGA-99-8028-01	1394.65230095856	3021.3871398672	4416.03944082576	0.312273965075016
TCGA-99-8032-01	580.297955692546	942.259541361348	1522.55749705389	0.67599591302394
TCGA-99-8033-01	-165.826151228141	1630.55456708041	1464.72841585227	0.682226806091752
TCGA-99-AA5R-01	1038.06429130713	2758.47592161198	3796.54021291911	0.397252527350218
TCGA-J2-8192-01	1583.38460773537	2039.14148946487	3622.52609720024	0.420561672528621
TCGA-J2-8194-01	305.889077951831	1169.32486059219	1475.21393854402	0.681100661112355
TCGA-J2-A4AD-01	-329.329400706884	140.120768662387	-189.208632044498	0.83798643135886
TCGA-J2-A4AE-01	-422.111279413247	1619.27942877256	1197.16814935931	0.710408682423096
TCGA-J2-A4AG-01	509.637808544079	1941.36518140458	2451.00298994865	0.569609212696689
TCGA-L4-A4E5-01	-570.762780745328	510.136013228555	-60.6267675167736	0.82753823388883
TCGA-L4-A4E6-01	1075.41847884258	2701.0937150837	3776.51219392628	0.3999487628797
TCGA-L9-A443-01	302.190224097518	1084.58400488779	1386.77422898531	0.690548233693506
TCGA-L9-A444-01	679.321192214372	2682.58775477731	3361.90894699168	0.454953404939382
TCGA-L9-A50W-01	-275.740421461144	1212.41043135941	936.670009898264	0.736794397681273
TCGA-L9-A5IP-01	-598.147804538823	990.784365453051	392.636560914229	0.788382113429182
TCGA-L9-A743-01	741.263659523424	2459.81968609447	3201.08334561789	0.475847373672915
TCGA-L9-A7SV-01	-926.203098281299	199.100645068197	-727.102453213102	0.878416868996415
TCGA-L9-A8F4-01	152.079243115628	2040.97336175554	2193.05260487116	0.600314620151974
TCGA-MN-A4N1-01	-547.36207994223	244.124244414179	-303.23783552805	0.847002486649528
TCGA-MN-A4N4-01	657.615595141705	1013.14076092006	1670.75635606177	0.659806686404947
TCGA-MN-A4N5-01	-503.197445459074	1455.31772677191	952.120281312831	0.735259124778164
TCGA-MP-A4SV-01	107.388739395343	1708.78912932824	1816.17786872359	0.643617303158783
TCGA-MP-A4SW-01	99.3903979184478	1795.58340042684	1894.97379834529	0.634722189131102
TCGA-MP-A4SY-01	607.113161283488	922.129469458912	1529.2426307424	0.675272462367115
TCGA-MP-A4T4-01	851.314430331603	2418.54968692603	3269.86411725763	0.466943365931615
TCGA-MP-A4T6-01	-992.933910957837	1384.57588320582	391.641972247988	0.788471918520102
TCGA-MP-A4T7-01	-512.010607014709	1279.28483880534	767.274231790627	0.753376775139215
TCGA-MP-A4T8-01	27.020056135954	243.925009891206	270.94506602716	0.799244756047614
TCGA-MP-A4T9-01	481.047909266889	1607.39432456581	2088.4422338327	0.61252420991881
TCGA-MP-A4TA-01	-276.246598850653	1174.14658607453	897.899987223873	0.740630219576319
TCGA-MP-A4TC-01	1013.84548933214	1687.51326990433	2701.35875923647	0.539026578205452
TCGA-MP-A4TD-01	818.672246725706	1362.451752921	2181.12399964671	0.601714070534517
TCGA-MP-A4TE-01	-1090.66565943685	-243.933149065098	-1334.59880850195	0.917485731987503
TCGA-MP-A4TF-01	-1095.21384448956	742.002251369333	-353.211593120226	0.85087916962275
TCGA-MP-A4TH-01	210.70079330656	2237.00598077822	2447.70677408478	0.570006826816342
TCGA-MP-A4TI-01	1261.25234789543	2949.01653445543	4210.26888235086	0.340821420793522
TCGA-MP-A4TJ-01	979.807693353515	2936.23132376746	3916.03901712098	0.381094664863522
TCGA-MP-A4TK-01	1330.34991797806	1965.78591246397	3296.13583044204	0.463529752282656
TCGA-MP-A5C7-01	-1016.6937609924	-95.4233390808722	-1112.11710007327	0.904008598385152
TCGA-NJ-A4YF-01	-679.179312536324	395.378382342049	-283.800930194275	0.845482358431444
TCGA-NJ-A4YG-01	297.185472547806	1552.20847975156	1849.39395229937	0.639878035581663
TCGA-NJ-A4YI-01	179.052409606136	1314.75096068352	1493.80337028965	0.679100192140178
TCGA-NJ-A4YP-01	844.997153549754	1199.32696739237	2044.32412094213	0.617630317418162
TCGA-NJ-A4YQ-01	62.0695587713426	2462.08062767388	2524.15018644522	0.560751508574374
TCGA-NJ-A55A-01	390.922972494921	1984.45431974842	2375.37729224334	0.578697994001042
TCGA-NJ-A55O-01	-122.880876309404	1403.5121154921	1280.63123918269	0.701733168875841
TCGA-NJ-A55R-01	-348.621806956174	313.306899600441	-35.3149073557327	0.825446617235165
TCGA-NJ-A7XG-01	-1551.82198242086	128.241999987551	-1423.57998243331	0.922602741350383
TCGA-O1-A52J-01	-141.241326915714	1734.61493701073	1593.37361009502	0.668299409216615
TCGA-S2-AA1A-01	820.749561788981	2431.25402482403	3252.00358661301	0.469260110893983
